Filling queue with 20000 CIFAR images before starting to train. This will take a few minutes.
Filling queue with 20000 CIFAR images before starting to train. This will take a few minutes.
0 [-0.3320621  -1.74794829 -1.01299858  0.74246508  0.8832618  -0.13695277
  0.06289785 -2.48720264  1.72551346 -1.44003117]
50 [  6.86630011   2.29794598  10.97987747   6.97759676  11.29601955
   6.3689146   11.17611885   7.25965834   7.9509387    3.86278534]
100 [ 10.95900345   3.73386407  13.43275642  11.49653053  13.6317625
   9.62296104  12.65906525   9.31830788   9.32961273   7.72131348]
150 [ 12.50255489   4.69012928  14.65298557  13.52815914  15.05011749
  11.76347637  13.42970753  10.76574516  10.1615057    9.54759312]
200 [ 13.43439865   5.39815521  15.42142582  14.45470238  15.84022427
  12.99872971  13.96381855  11.59252739  10.62535858  10.77398777]
250 [ 13.98860645   5.95730591  15.95567036  15.01733398  16.40690804
  13.61084652  14.29325771  12.16982365  10.9375267   11.59998322]
300 [ 14.35137653   6.43262529  16.36044693  15.43088436  16.89912796
  14.03171921  14.52575493  12.70286083  11.17036915  12.27113819]
350 [ 14.63180161   6.80079746  16.6950264   15.78499413  17.31789207
  14.33200169  14.71179104  13.09260178  11.34025764  12.93158817]
400 [ 14.81066036   7.168787    16.96845436  16.05648613  17.6618042
  14.53780556  14.87211895  13.37633991  11.45381355  13.48531723]
450 [ 14.96684647   7.53557158  17.17416382  16.26914406  17.90416908
  14.70770168  15.0021162   13.611516    11.54658985  13.99516582]
0
50
100
150
200
250
300
350
400
450
